object={
	name="lakes"
	render_pass=Map
	clamp_to_water_level=no
	generated_content=no
	layer="lake_layer"
	pdxmesh="lake_mesh"
	count=230
	transform="1879.594971 -1.531250 4413.551270 0.000000 0.127566 0.000000 0.991830 15.156264 15.156264 15.156264
1644.493652 1.251221 3413.257812 0.000000 0.423676 0.000000 0.905814 5.573364 5.573364 5.573364
2092.512207 1.462402 3454.174072 0.000000 0.000000 0.000000 1.000000 5.830308 5.830308 5.830308
2098.964111 1.462402 3429.899170 0.000000 0.000000 0.000000 1.000000 5.830308 5.830308 5.830308
320.667603 0.019044 4348.555176 0.000000 0.994212 0.000000 0.107439 12.535140 12.535140 12.535140
1434.700806 0.294678 2830.517090 0.000000 0.882845 0.000000 -0.469665 6.077335 6.077335 6.077335
1428.983276 0.880127 2819.706787 0.000000 -0.545943 0.000000 0.837822 12.567498 12.567498 12.567498
4759.387207 2.166259 2732.728027 0.000000 -0.036125 0.000000 0.999347 11.014447 11.014447 11.014447
638.787231 0.918945 3524.797852 0.000000 -0.864966 0.000000 0.501831 4.851781 4.851781 4.851781
2525.492920 0.699463 3700.263184 0.000000 0.421685 0.000000 0.906742 9.057212 9.057212 9.057212
2476.599121 1.265137 3699.666748 0.000000 0.490235 0.000000 0.871590 7.722569 7.722569 7.722569
2466.374023 2.016602 3697.915527 0.000000 0.455959 0.000000 0.890001 7.746788 7.746788 7.746788
1904.043945 1.523193 4338.283691 0.000000 0.000000 0.000000 1.000000 10.781592 10.781592 10.781592
1819.169556 -0.026123 4217.737793 0.000000 0.308687 0.000000 0.951164 10.811905 10.811905 10.811905
1784.439697 0.533936 4150.460449 0.000000 0.602591 0.000000 0.798050 8.324876 8.324876 8.324876
1729.585815 0.857178 4109.145508 0.000000 0.279227 0.000000 0.960225 4.242383 4.242383 4.242383
1735.329346 1.221923 4075.761963 0.000000 0.188786 0.000000 0.982018 18.605555 18.605555 18.605555
1774.076294 0.457275 4042.351562 0.000000 0.188786 0.000000 0.982018 18.605555 18.605555 18.605555
1733.249878 2.686768 4095.255371 0.000000 0.663539 0.000000 0.748141 18.605555 18.605555 18.605555
544.366882 1.898192 3535.769287 0.000000 0.548402 0.000000 0.836215 5.375959 5.375959 5.375959
1868.945801 2.792481 4247.724609 0.000000 0.203375 0.000000 0.979101 14.884582 14.884582 14.884582
1850.306152 3.021484 4263.920898 0.000000 0.472030 0.000000 0.881582 11.672919 11.672919 11.672919
1669.448608 1.614990 4106.155762 0.000000 0.843193 0.000000 -0.537611 7.096653 7.096653 7.096653
1685.273560 2.290771 4131.249512 0.000000 0.366364 0.000000 -0.930472 17.656607 17.656607 17.656607
1582.093384 2.582031 3921.653564 0.000000 0.557119 0.000000 0.830433 9.937582 9.937582 9.937582
1607.552124 0.279297 3931.854004 0.000000 0.429045 0.000000 0.903283 20.802437 20.802437 20.802437
686.089478 1.600219 2055.118408 0.000000 0.231152 0.000000 0.972918 10.548601 10.548601 10.548601
2843.471680 2.463135 2357.694336 0.000000 0.349832 0.000000 0.936813 14.373421 14.373421 14.373421
2658.553223 2.347168 2244.227295 0.000000 0.993898 0.000000 0.110305 9.716330 9.716330 9.716330
2657.537354 -1.360108 2224.847168 0.000000 0.078828 0.000000 -0.996888 12.935730 12.935730 12.935730
2679.064697 -0.790772 2246.010986 0.000000 0.709407 0.000000 -0.704799 17.897331 17.897331 17.897331
2709.601562 2.793700 2266.651367 0.000000 0.705596 0.000000 0.708614 16.413857 16.413857 16.413857
2924.656494 0.221191 2314.333984 0.000000 0.398389 0.000000 0.917217 16.413857 16.413857 16.413857
2742.334473 2.956420 2249.503418 0.000000 0.398389 0.000000 0.917217 16.413857 16.413857 16.413857
2834.362549 3.357666 2327.507080 0.000000 0.349832 0.000000 0.936813 33.769379 33.769379 33.769379
3296.701172 1.688721 2526.355713 0.000000 -0.881058 0.000000 0.473008 9.794930 9.794930 9.794930
3302.920166 4.251954 2373.371094 0.000000 -0.359362 0.000000 0.933198 48.791710 48.791710 48.791710
1450.123535 0.000000 2959.641846 0.000000 0.648814 0.000000 0.760948 6.857174 6.857174 6.857174
1561.404541 0.000000 2932.584473 0.000000 0.648814 0.000000 0.760948 6.857174 6.857174 6.857174
1573.718384 0.000000 2967.784424 0.000000 0.648814 0.000000 0.760948 6.857174 6.857174 6.857174
1469.197388 0.616699 2891.436768 0.000000 0.797317 0.000000 0.603561 2.782289 2.782289 2.782289
1420.487671 1.609130 2887.508789 0.000000 -0.091334 0.000000 0.995821 4.233682 4.233682 4.233682
1416.376465 0.624023 2902.617676 0.000000 0.128020 0.000000 0.991772 8.639521 8.639521 8.639521
1546.454346 2.061769 2788.761719 0.000000 0.716017 0.000000 0.698082 15.328931 15.328931 15.328931
1473.416626 1.712891 2951.698730 0.000000 -0.905945 0.000000 0.423396 24.020245 24.020245 24.020245
1324.673340 1.712891 2901.341553 0.000000 -0.423980 0.000000 0.905671 24.020245 24.020245 24.020245
1306.224365 2.036866 2865.022461 0.000000 0.000000 0.000000 1.000000 36.600914 36.600914 36.600914
2989.728271 0.000000 1891.162720 -0.000000 -0.000000 -0.000000 1.000000 1.000000 1.000000 1.000000
2973.286133 1.512939 1959.338867 -0.000000 -0.639406 -0.000000 0.768869 8.087207 8.087207 8.087207
2966.753906 -4.520630 1879.541504 -0.000000 -0.639406 -0.000000 0.768869 21.940123 21.940123 21.940123
2966.751953 1.275513 1880.855835 -0.000000 -0.639406 -0.000000 0.768869 21.940123 21.940123 21.940123
5524.155273 3.776612 2742.450195 0.000000 0.989923 0.000000 0.141608 134.940735 134.940735 134.940735
5569.407227 -0.390625 3129.823730 0.000000 0.112736 0.000000 0.993625 37.119358 37.119358 37.119358
5281.619629 1.034424 3080.294922 0.000000 -0.228137 0.000000 0.973629 14.203422 14.203422 14.203422
5330.202148 3.158936 3182.199707 0.000000 -0.364398 0.000000 0.931243 24.295073 24.295073 24.295073
5549.770996 1.041504 3073.842529 0.000000 -0.108308 0.000000 0.994117 8.056372 8.056372 8.056372
5337.207031 3.422851 3163.631348 0.000000 -0.539073 0.000000 0.842259 8.056372 8.056372 8.056372
6088.462402 2.232422 3898.558350 0.000000 0.598577 0.000000 0.801065 42.176945 42.176945 42.176945
6109.634766 3.313233 3761.915771 0.000000 0.805322 0.000000 0.592838 96.787926 96.787926 96.787926
6021.608398 -1.022705 3628.383789 0.000000 0.958478 0.000000 0.285166 63.957951 63.957951 63.957951
5842.444336 2.156494 3524.618164 0.000000 0.747303 0.000000 0.664483 37.693779 37.693779 37.693779
5567.117188 2.917480 3342.983643 0.000000 0.000000 0.000000 1.000000 37.693779 37.693779 37.693779
5512.514648 5.706788 3414.522217 0.000000 0.000000 0.000000 1.000000 56.933052 56.933052 56.933052
5429.673828 4.062988 3345.785400 0.000000 0.468947 0.000000 0.883226 14.421523 14.421523 14.421523
5437.011230 3.457763 3390.366211 0.000000 -0.050881 0.000000 0.998705 15.336850 15.336850 15.336850
5232.033203 1.497070 3257.910645 0.000000 0.000000 0.000000 1.000000 14.421523 14.421523 14.421523
3306.611816 -1.587952 952.064453 0.000000 0.174036 0.000000 0.984739 13.830501 13.830501 13.830501
3092.366699 2.459778 972.042847 0.000000 0.000000 0.000000 1.000000 25.409878 25.409878 25.409878
3093.538818 2.223755 990.498657 0.000000 0.000000 0.000000 1.000000 17.062283 17.062283 17.062283
3121.020264 0.881180 719.279297 0.000000 -0.491804 0.000000 0.870706 29.376287 29.376287 29.376287
3171.562500 -1.420196 790.486755 0.000000 -0.491804 0.000000 0.870706 20.751310 20.751310 20.751310
3068.870850 -2.505371 573.342468 0.000000 0.696171 0.000000 0.717876 71.815781 71.815781 71.815781
2202.161133 1.130737 2423.076660 0.000000 0.865711 0.000000 0.500543 10.298976 10.298976 10.298976
2157.643555 2.656006 2438.673340 0.000000 0.627457 0.000000 0.778651 13.485481 13.485481 13.485481
2140.430908 1.893066 2447.484863 0.000000 0.627457 0.000000 0.778651 13.485481 13.485481 13.485481
2289.197510 1.323608 2423.026367 0.000000 0.000000 0.000000 1.000000 5.172881 5.172881 5.172881
2306.210693 1.823120 2427.048828 0.000000 0.000000 0.000000 1.000000 8.169932 8.169932 8.169932
2202.796143 2.101563 2266.685059 0.000000 0.168654 0.000000 0.985675 6.622243 6.622243 6.622243
2705.894531 1.776977 2293.974365 0.000000 -0.336647 0.000000 0.941631 7.716177 7.716177 7.716177
2727.009033 -1.262207 2308.629883 0.000000 0.258918 0.000000 0.965899 18.164228 18.164228 18.164228
3419.624023 3.959839 2324.414062 0.000000 0.580783 0.000000 0.814059 39.018711 39.018711 39.018711
3394.617920 5.593872 2496.038086 0.000000 0.395027 0.000000 0.918669 24.617380 24.617380 24.617380
3328.839111 2.609131 2375.506348 0.000000 0.784952 0.000000 0.619557 7.209981 7.209981 7.209981
3978.348877 2.594726 1942.834717 0.000000 0.999921 0.000000 0.012599 9.785446 9.785446 9.785446
4038.372559 2.645386 1980.695190 0.000000 0.999921 0.000000 0.012599 16.245289 16.245289 16.245289
4080.522705 3.830322 1930.324707 0.000000 0.999921 0.000000 0.012599 16.245289 16.245289 16.245289
4092.758301 -0.707519 1877.510010 0.000000 0.924603 0.000000 0.380932 21.906305 21.906305 21.906305
4086.829102 3.954956 1810.685059 0.000000 0.694526 0.000000 0.719467 25.448694 25.448694 25.448694
4701.341309 2.604492 2555.526123 0.000000 0.036094 0.000000 0.999348 15.494776 15.494776 15.494776
4655.856445 3.191895 2715.144775 0.000000 -0.083673 0.000000 0.996493 7.911607 7.911607 7.911607
4401.957520 -2.042968 2638.224365 0.000000 0.106942 0.000000 0.994265 66.462578 66.462578 66.462578
4537.668457 4.032226 2607.669434 0.000000 -0.193145 0.000000 0.981170 15.752451 15.752451 15.752451
4270.643066 2.679688 2594.246826 0.000000 0.009125 0.000000 0.999958 11.668904 11.668904 11.668904
4291.180664 2.117919 2549.026855 0.000000 0.009125 0.000000 0.999958 11.668904 11.668904 11.668904
4288.997070 -1.610962 2501.012451 0.000000 0.251394 0.000000 0.967885 30.560972 30.560972 30.560972
4324.293457 1.307739 2410.224609 0.000000 -0.033960 0.000000 0.999423 14.837814 14.837814 14.837814
3695.491699 0.915649 2194.652344 0.000000 -0.258181 0.000000 0.966097 14.837814 14.837814 14.837814
3781.908447 4.378784 2036.320679 0.000000 0.389216 0.000000 0.921147 21.853962 21.853962 21.853962
3837.697510 -1.042114 1895.891357 0.000000 0.234342 0.000000 0.972154 28.361542 28.361542 28.361542
3908.483887 -0.359375 3547.430420 0.000000 -0.500838 0.000000 0.865541 11.104680 11.104680 11.104680
3903.540039 2.724366 3591.509521 0.000000 0.512048 0.000000 0.858957 7.585004 7.585004 7.585004
5539.256348 4.780518 3270.094971 0.000000 -0.601799 0.000000 0.798647 33.265923 33.265923 33.265923
5727.160156 1.280029 3239.840088 0.000000 0.511392 0.000000 0.859347 11.490909 11.490909 11.490909
5949.440430 2.398438 3194.407227 0.000000 -0.026181 0.000000 0.999657 10.048801 10.048801 10.048801
5890.898438 3.076660 3200.760254 0.000000 0.215997 0.000000 0.976394 10.048801 10.048801 10.048801
5778.479980 1.402100 3204.677490 0.000000 0.215997 0.000000 0.976394 15.634364 15.634364 15.634364
5682.548340 2.424561 3226.870850 0.000000 -0.006897 0.000000 0.999976 38.687134 38.687134 38.687134
5605.158691 3.413574 3252.662109 0.000000 0.419248 0.000000 0.907872 16.931530 16.931530 16.931530
5580.261230 3.403320 3281.167969 0.000000 0.419248 0.000000 0.907872 21.072451 21.072451 21.072451
6048.967773 1.608398 3206.393799 0.000000 0.000000 0.000000 1.000000 6.155762 6.155762 6.155762
5892.506348 1.804931 3760.647461 0.000000 0.455416 0.000000 0.890279 5.015439 5.015439 5.015439
4926.193359 -0.400146 1780.296265 0.000000 0.000000 0.000000 1.000000 10.629927 10.629927 10.629927
4889.170410 0.630615 2173.030273 0.000000 0.000000 0.000000 1.000000 4.341914 4.341914 4.341914
4791.076660 1.355469 2346.479492 0.000000 -0.840277 0.000000 -0.542157 4.063225 4.063225 4.063225
5629.836426 1.671143 3025.165527 0.000000 -0.563866 0.000000 0.825866 9.029453 9.029453 9.029453
5629.075195 1.671143 3025.524170 0.000000 -0.563866 0.000000 0.825866 9.029453 9.029453 9.029453
5579.533691 2.207031 2995.746338 0.000000 -0.645207 0.000000 0.764008 7.262752 7.262752 7.262752
5061.350098 -0.851807 2981.358643 0.000000 -0.879160 0.000000 0.476527 20.171219 20.171219 20.171219
4442.176270 2.805664 3154.348145 0.000000 0.000000 0.000000 1.000000 12.844775 12.844775 12.844775
4762.146484 3.271240 3250.387939 0.000000 0.000000 0.000000 1.000000 20.196659 20.196659 20.196659
5364.820801 2.429199 2847.136475 0.000000 0.862393 0.000000 0.506239 19.320902 19.320902 19.320902
5499.395996 0.714844 2238.628174 0.000000 -0.247227 0.000000 0.968958 21.724773 21.724773 21.724773
5481.689453 -0.410278 2265.950928 0.000000 0.908894 0.000000 0.417027 14.326097 14.326097 14.326097
5465.034668 -0.795166 2232.625977 0.000000 0.797547 0.000000 0.603257 21.724773 21.724773 21.724773
5514.054199 1.233643 2207.624023 0.000000 0.164231 0.000000 0.986422 21.724773 21.724773 21.724773
5577.123047 -1.801636 2211.031250 0.000000 0.176380 0.000000 0.984322 21.628889 21.628889 21.628889
5585.126465 0.571411 2345.638184 0.000000 0.993227 0.000000 0.116188 21.376095 21.376095 21.376095
5673.461426 1.773682 2275.817383 0.000000 0.655361 0.000000 0.755316 9.922686 9.922686 9.922686
5641.095703 3.794800 2273.299805 0.000000 0.093673 0.000000 0.995603 9.922686 9.922686 9.922686
5573.914551 -3.223633 2305.926270 0.000000 0.209675 0.000000 0.977771 27.685064 27.685064 27.685064
5655.147461 -1.776734 2235.727539 0.000000 -0.060754 0.000000 0.998153 27.685064 27.685064 27.685064
5647.609863 1.157959 2078.998291 0.000000 0.024107 0.000000 0.999709 7.950306 7.950306 7.950306
5660.946777 1.231445 2104.368408 0.000000 -0.135809 0.000000 0.990735 21.628889 21.628889 21.628889
5643.315918 1.899048 2200.169434 0.000000 -0.135809 0.000000 0.990735 21.628889 21.628889 21.628889
5545.557129 1.762451 2244.624023 0.000000 0.034478 0.000000 0.999405 33.014759 33.014759 33.014759
5419.132812 -1.473388 2175.438232 0.000000 0.034478 0.000000 0.999405 66.925346 66.925346 66.925346
5280.934082 -4.290283 2196.470947 0.000000 0.034478 0.000000 0.999405 66.560547 66.560547 66.560547
5181.871094 1.408813 2416.414062 0.000000 -0.059718 0.000000 0.998215 9.501742 9.501742 9.501742
5202.372070 -0.124756 2393.938965 0.000000 -0.781175 0.000000 0.624312 16.272243 16.272243 16.272243
5180.114258 -0.023804 2328.478760 0.000000 -0.922167 0.000000 0.386793 14.283196 14.283196 14.283196
5150.684570 1.406494 2348.210938 0.000000 -0.998288 0.000000 0.058495 10.596818 10.596818 10.596818
5142.429199 2.156616 2321.408203 0.000000 -0.998288 0.000000 0.058495 10.596818 10.596818 10.596818
5110.373535 1.684448 2313.245850 0.000000 -0.935581 0.000000 0.353113 7.104090 7.104090 7.104090
5119.767090 -0.061035 2372.914062 0.000000 0.001831 0.000000 0.999998 20.377008 20.377008 20.377008
5080.907227 1.767822 2349.332520 0.000000 -0.199100 0.000000 0.979979 5.491138 5.491138 5.491138
5044.257324 1.942261 2379.807861 0.000000 0.280253 0.000000 0.959926 8.886061 8.886061 8.886061
5041.775879 1.311768 2348.247559 0.000000 0.280253 0.000000 0.959926 8.886061 8.886061 8.886061
5049.608887 0.981812 2320.926514 0.000000 0.280253 0.000000 0.959926 8.886061 8.886061 8.886061
5057.984375 0.633911 2284.654785 0.000000 0.280253 0.000000 0.959926 8.886061 8.886061 8.886061
5000.683105 1.239990 2292.623047 0.000000 0.280253 0.000000 0.959926 17.422899 17.422899 17.422899
5348.513184 1.784668 2367.929199 0.000000 0.839487 0.000000 0.543380 5.878881 5.878881 5.878881
5344.836914 2.239868 2346.919922 0.000000 0.216712 0.000000 0.976236 4.962830 4.962830 4.962830
5507.144531 -1.101806 2348.900146 0.000000 -0.851415 0.000000 0.524493 17.366526 17.366526 17.366526
5516.655273 1.641235 2310.957520 0.000000 -0.580733 0.000000 0.814094 6.412361 6.412361 6.412361
5391.823242 2.120971 2417.745605 0.000000 -0.122191 0.000000 0.992507 8.351881 8.351881 8.351881
5320.958008 2.236451 2361.244629 0.000000 0.216712 0.000000 0.976236 4.962830 4.962830 4.962830
5709.701172 1.527100 2494.972168 0.000000 0.234372 0.000000 0.972147 11.069145 11.069145 11.069145
5661.385254 1.517700 2478.976074 0.000000 0.035393 0.000000 0.999373 9.100697 9.100697 9.100697
5590.905273 -1.308960 2480.325684 0.000000 -0.046492 0.000000 0.998918 37.516624 37.516624 37.516624
5518.555664 2.413086 2506.826416 0.000000 0.207765 0.000000 0.978179 13.324284 13.324284 13.324284
5501.906738 2.117188 2578.336670 0.000000 0.000305 0.000000 1.000000 19.385250 19.385250 19.385250
5457.115723 1.790771 2542.090332 0.000000 -0.194492 0.000000 0.980904 13.540122 13.540122 13.540122
5455.970215 0.098633 2491.898438 0.000000 -0.323424 0.000000 0.946254 8.310320 8.310320 8.310320
5490.514648 1.894897 2483.787598 0.000000 -0.069707 0.000000 0.997568 7.921128 7.921128 7.921128
5473.046387 1.819580 2446.418457 0.000000 -0.069707 0.000000 0.997568 7.921128 7.921128 7.921128
5519.873535 1.938598 2446.233887 0.000000 0.232294 0.000000 0.972645 13.507469 13.507469 13.507469
5515.916504 3.507812 2401.077393 0.000000 0.074577 0.000000 0.997215 13.507469 13.507469 13.507469
5583.270020 1.107056 2445.375977 0.000000 0.074577 0.000000 0.997215 13.507469 13.507469 13.507469
5591.742676 -0.584839 2426.662842 0.000000 -0.083886 0.000000 0.996475 13.507469 13.507469 13.507469
5933.087402 3.504395 2672.533691 0.000000 0.108611 0.000000 0.994084 15.505006 15.505006 15.505006
6083.338867 4.904542 2606.344238 0.000000 0.199339 0.000000 0.979930 34.852654 34.852654 34.852654
6014.979492 1.463867 2503.010742 0.000000 0.108611 0.000000 0.994084 9.720449 9.720449 9.720449
5965.250977 -1.338623 2473.491211 0.000000 0.000000 0.000000 1.000000 21.543406 21.543406 21.543406
4902.308105 3.338135 2808.968018 0.000000 -0.099809 0.000000 0.995007 72.046074 72.046074 72.046074
5079.643066 7.266602 2871.890381 0.000000 -0.058865 0.000000 0.998266 38.437584 38.437584 38.437584
2193.654541 -3.289552 4277.192383 0.000000 0.306901 0.000000 0.951741 29.536894 29.536894 29.536894
1645.248657 0.744629 3834.957275 0.000000 0.306901 0.000000 0.951741 16.826740 16.826740 16.826740
1700.690430 0.838134 3666.111572 0.000000 0.698566 0.000000 0.715545 7.696987 7.696987 7.696987
1748.954712 0.694335 3670.948730 0.000000 0.997089 0.000000 -0.076255 7.208021 7.208021 7.208021
1832.673706 1.861083 4375.243164 0.000000 0.162063 0.000000 0.986780 13.494645 13.494645 13.494645
1800.732910 2.083740 4358.669922 0.000000 0.737077 0.000000 0.675808 7.496570 7.496570 7.496570
1648.607056 1.420166 4169.592773 0.000000 -0.168850 0.000000 0.985642 9.728909 9.728909 9.728909
1513.569824 2.197021 3887.960449 0.000000 0.499094 0.000000 0.866548 7.584114 7.584114 7.584114
1844.364624 2.254639 4280.747559 0.000000 0.111038 0.000000 0.993816 8.839129 8.839129 8.839129
5398.375000 1.822266 2066.222656 0.000000 0.493026 0.000000 0.870015 12.009838 12.009838 12.009838
5396.528809 2.863037 2115.360107 0.000000 -0.766800 0.000000 0.641887 7.169690 7.169690 7.169690
2117.113281 1.400391 4391.425781 0.000000 0.215639 0.000000 0.976473 18.208496 18.208496 18.208496
2153.256592 2.365478 4451.664062 0.000000 -0.414838 0.000000 0.909895 33.379097 33.379097 33.379097
2156.183594 -2.995362 4389.914062 0.000000 0.966247 0.000000 0.257616 26.049561 26.049561 26.049561
1644.803711 -0.316406 4032.061279 0.000000 0.116768 0.000000 0.993159 16.621450 16.621450 16.621450
5912.996582 0.000000 2601.666016 0.000000 0.000000 0.000000 1.000000 9.081818 9.081818 9.081818
5171.068359 0.000000 2140.417480 0.000000 -0.752713 0.000000 0.658349 15.843987 15.843987 15.843987
5156.872070 0.000000 2142.473877 0.000000 0.655499 0.000000 0.755196 16.685982 16.685982 16.685982
3795.942627 0.978271 1889.808472 0.000000 -0.917133 0.000000 0.398581 6.928739 6.928739 6.928739
6619.264160 0.165039 2967.610352 0.000000 -0.475511 0.000000 0.879710 15.549218 15.549218 15.549218
6649.483398 1.527832 2955.114990 0.000000 -0.221178 0.000000 0.975233 13.247724 13.247724 13.247724
6656.039551 0.745361 2959.395752 0.000000 -0.124917 0.000000 0.992167 21.814646 21.814646 21.814646
6722.936523 0.114990 3015.778320 0.000000 -0.346427 0.000000 0.938077 11.573447 11.573447 11.573447
6750.611816 -1.105470 3040.607666 0.000000 -0.970538 0.000000 0.240948 8.144207 8.144207 8.144207
6792.180664 1.635010 3053.857666 0.000000 -0.230988 0.000000 0.972957 7.911140 7.911140 7.911140
6854.530273 2.652344 3291.308594 0.000000 0.000000 0.000000 1.000000 10.114110 10.114110 10.114110
6766.827637 3.601318 3501.974854 0.000000 -0.660005 0.000000 0.751261 33.515343 33.515343 33.515343
6815.687012 3.935791 3438.728760 0.000000 -0.679492 0.000000 0.733683 20.932238 20.932238 20.932238
7492.778809 -1.063110 877.218323 0.000000 0.562908 0.000000 0.826519 9.701446 9.701446 9.701446
7546.238770 0.448304 836.366394 0.000000 0.850260 0.000000 0.526363 11.472312 11.472312 11.472312
7535.941406 0.496155 851.167480 0.000000 0.225997 0.000000 0.974128 8.891898 8.891898 8.891898
4289.149414 1.801758 2493.502197 0.000000 0.000000 0.000000 1.000000 8.393480 8.393480 8.393480
4146.031250 1.667480 2371.325195 0.000000 -0.758708 0.000000 0.651430 10.860132 10.860132 10.860132
559.226685 0.000000 3564.104980 0.000000 0.193923 0.000000 0.981017 17.553988 17.553988 17.553988
5044.272949 2.520264 3085.013184 0.000000 0.000000 0.000000 1.000000 79.520119 79.520119 79.520119
5142.864746 3.579102 3001.533691 0.000000 0.000000 0.000000 1.000000 30.114887 30.114887 30.114887
2476.067139 1.197510 3677.046387 0.000000 0.550741 0.000000 0.834676 16.413334 16.413334 16.413334
253.082809 1.431641 4361.948242 0.000000 0.646238 0.000000 0.763136 9.074103 9.074103 9.074103
1568.686523 1.951904 3891.185303 0.000000 0.000000 0.000000 1.000000 14.058063 14.058063 14.058063
1738.378174 1.179199 3859.596436 0.000000 0.000000 0.000000 1.000000 13.467310 13.467310 13.467310
1763.483398 1.526855 3891.886719 0.000000 0.000000 0.000000 1.000000 7.619653 7.619653 7.619653
714.455322 -0.713257 2024.120483 0.000000 0.000000 0.000000 1.000000 9.649438 9.649438 9.649438
743.850098 0.291992 3752.287109 0.000000 -0.365783 0.000000 0.930700 34.238312 34.238312 34.238312
1376.129272 -0.339844 3963.886230 0.000000 0.261113 0.000000 0.965308 12.304859 12.304859 12.304859
2146.133057 -0.057617 4421.868652 0.000000 -0.489357 0.000000 0.872083 79.971527 79.971527 79.971527
2172.167725 1.962402 4292.894531 0.000000 -0.504057 0.000000 0.863670 10.767529 10.767529 10.767529
2270.055176 1.239746 4316.010254 0.000000 0.000000 0.000000 1.000000 10.382129 10.382129 10.382129
2292.310303 0.000000 4273.961426 0.000000 0.433217 0.000000 0.901290 65.773453 65.773453 65.773453
2106.804932 -0.934814 3942.551270 0.000000 0.743213 0.000000 0.669055 33.424522 33.424522 33.424522
2176.216064 0.715576 4036.059082 0.000000 0.550996 0.000000 0.834508 39.195953 39.195953 39.195953
2049.290039 3.185791 3927.829102 0.000000 0.532864 0.000000 0.846201 13.598780 13.598780 13.598780
8424.129883 2.782959 3064.736816 0.000000 0.000000 0.000000 1.000000 10.424220 10.424220 10.424220
4638.230957 0.000000 3362.832764 0.000000 0.000000 0.000000 1.000000 13.878100 13.878100 13.878100
477.600647 0.000000 3493.531738 0.000000 0.743504 0.000000 0.668732 11.401733 11.401733 11.401733
7700.071777 0.809561 1367.920166 0.000000 0.000000 0.000000 1.000000 9.431769 9.431769 10.431769
"}
